7560.000000
5012.000000
1155.000000
-3009.000000
-6392.000000
-8083.000000
-7655.000000
-5220.000000
-1408.000000
2772.000000
6221.000000
8041.000000
7740.000000
5415.000000
1661.000000
-2524.000000
-6052.000000
-7989.000000
-7824.000000
-5604.000000
-1910.000000
2281.000000
5877.000000
7930.000000
7895.000000
5786.000000
2159.000000
-2033.000000
-5697.000000
-7862.000000
-7959.000000
-5966.000000
-2404.000000
1785.000000
5509.000000
7786.000000
8014.000000
6138.000000
2652.000000
-1536.000000
-5316.000000
-7700.000000
-8061.000000
-6303.000000
-2891.000000
1281.000000
5119.000000
7609.000000
8100.000000
6471.000000
3132.000000
-1028.000000
-4910.000000
-7512.000000
-8133.000000
-6625.000000
-3367.000000
772.000000
4705.000000
7407.000000
8156.000000
6772.000000
3601.000000
-516.000000
-4492.000000
-7293.000000
-8174.000000
-6913.000000
-3828.000000
258.000000
4275.000000
7170.000000
8181.000000
7045.000000
4052.000000
-2.000000
-4052.000000
-7045.000000
-8181.000000
-7174.000000
-4275.000000
-258.000000
3828.000000
6913.000000
8174.000000
7293.000000
4492.000000
516.000000
-3599.000000
-6770.000000
-8156.000000
-7407.000000
-4705.000000
-772.000000
3367.000000
6625.000000
8133.000000
7512.000000
4910.000000
1028.000000
-3128.000000
-6471.000000
-8100.000000
-7609.000000
-5119.000000
-1281.000000
2891.000000
6303.000000
8061.000000
7700.000000
5316.000000
1536.000000
-2652.000000
-6138.000000
-8014.000000
-7786.000000
-5509.000000
-1785.000000
2404.000000
5966.000000
7959.000000
7862.000000
5697.000000
2035.000000
-2157.000000
-5786.000000
-7895.000000
-7930.000000
-5877.000000
-2281.000000
1910.000000
5604.000000
7824.000000
7989.000000
6052.000000
2524.000000
-1657.000000
-5415.000000
-7740.000000
-8041.000000
-6221.000000
-2772.000000
1408.000000
5220.000000
7655.000000
8083.000000
6387.000000
3013.000000
-1155.000000
-5012.000000
-7560.000000
-8121.000000
-6548.000000
-3250.000000
900.000000
4808.000000
7459.000000
8147.000000
6697.000000
3485.000000
-646.000000
-4600.000000
-7350.000000
-8170.000000
-6842.000000
-3715.000000
386.000000
4383.000000
7235.000000
8180.000000
6979.000000
3946.000000
-132.000000
-4166.000000
-7112.000000
-8185.000000
-7112.000000
-4166.000000
-132.000000
3940.000000
6979.000000
8180.000000
7235.000000
4383.000000
390.000000
-3715.000000
-6842.000000
-8170.000000
-7350.000000
-4600.000000
-646.000000
3483.000000
6697.000000
8147.000000
7459.000000
4808.000000
900.000000
-3250.000000
-6548.000000
-8121.000000
-7562.000000
-5012.000000
-1155.000000
3013.000000
6387.000000
8083.000000
7655.000000
5220.000000
1408.000000
-2772.000000
-6221.000000
-8041.000000
-7740.000000
-5415.000000
-1661.000000
2524.000000
6052.000000
7989.000000
7824.000000
5604.000000
1910.000000
-2281.000000
-5877.000000
-7930.000000
-7895.000000
-5788.000000
-2159.000000
2033.000000
5697.000000
7862.000000
7959.000000
5966.000000
2404.000000
-1785.000000
-5509.000000
-7786.000000
-8014.000000
-6138.000000
-2652.000000
1536.000000
5316.000000
7700.000000
8061.000000
6303.000000
2891.000000
-1281.000000
-5119.000000
-7609.000000
-8100.000000
-6471.000000
-3132.000000
1028.000000
4910.000000
7512.000000
8133.000000
6625.000000
3367.000000
-772.000000
-4705.000000
-7407.000000
-8156.000000
-6772.000000
-3601.000000
516.000000
4492.000000
7293.000000
8174.000000
6913.000000
3828.000000
-258.000000
-4275.000000
-7174.000000
-8181.000000
-7045.000000
-4052.000000
2.000000
4052.000000
7045.000000
8181.000000
7174.000000
4275.000000
262.000000
-3828.000000
-6913.000000
-8174.000000
-7293.000000
-4492.000000
-516.000000
3599.000000
6770.000000
8156.000000
7407.000000
4705.000000
772.000000
-3367.000000
-6625.000000
-8133.000000
-7512.000000
-4910.000000
-1028.000000
3132.000000
6471.000000
8100.000000
7609.000000
5119.000000
1281.000000
-2891.000000
-6303.000000
-8061.000000
-7700.000000
-5316.000000
-1536.000000
2652.000000
6138.000000
8014.000000
7786.000000
5509.000000
1785.000000
-2404.000000
-5966.000000
-7959.000000
-7862.000000
-5697.000000
-2035.000000
2157.000000
5788.000000
7895.000000
7930.000000
5877.000000
2281.000000
-1910.000000
-5604.000000
-7824.000000
-7989.000000
-6052.000000
-2524.000000
1661.000000
5415.000000
7740.000000
8041.000000
6221.000000
2772.000000
-1408.000000
-5220.000000
-7655.000000
-8083.000000
-6392.000000
-3013.000000
1155.000000
5012.000000
7560.000000
8121.000000
6548.000000
3250.000000
-900.000000
-4808.000000
-7459.000000
-8147.000000
-6697.000000
-3485.000000
646.000000
4598.000000
7350.000000
8170.000000
6842.000000
3715.000000
-386.000000
-4383.000000
-7235.000000
-8180.000000
-6979.000000
-3940.000000
132.000000
4166.000000
7112.000000
8185.000000
7112.000000
4166.000000
132.000000
-3940.000000
-6979.000000
-8180.000000
-7235.000000
-4383.000000
-390.000000
3715.000000
6842.000000
8170.000000
7350.000000
4600.000000
646.000000
-3483.000000
-6697.000000
-8147.000000
-7459.000000
-4808.000000
-900.000000
3250.000000
6548.000000
8121.000000
7560.000000
5012.000000
1155.000000
-3013.000000
-6387.000000
-8083.000000
-7655.000000
-5220.000000
-1408.000000
2772.000000
6221.000000
8041.000000
7740.000000
5415.000000
1661.000000
-2524.000000
-6052.000000
-7989.000000
-7824.000000
-5604.000000
-1910.000000
2281.000000
5877.000000
7930.000000
7895.000000
5788.000000
2159.000000
-2033.000000
-5697.000000
-7862.000000
-7959.000000
-5966.000000
-2404.000000
1785.000000
5509.000000
7786.000000
8014.000000
6138.000000
2652.000000
-1532.000000
-5316.000000
-7700.000000
-8061.000000
-6303.000000
-2891.000000
1281.000000
5119.000000
7609.000000
8100.000000
6471.000000
3132.000000
-1028.000000
-4910.000000
-7512.000000
-8133.000000
-6625.000000
-3367.000000
772.000000
4705.000000
7407.000000
8156.000000
6772.000000
3601.000000
-516.000000
-4492.000000
-7293.000000
-8174.000000
-6913.000000
-3828.000000
258.000000
4275.000000
7170.000000
8181.000000
7045.000000
4056.000000
-2.000000
-4052.000000
-7045.000000
-8181.000000
-7174.000000
-4275.000000
-258.000000
3828.000000
6913.000000
8174.000000
7293.000000
4492.000000
516.000000
-3599.000000
-6770.000000
-8156.000000
-7407.000000
-4705.000000
-772.000000
3367.000000
6625.000000
8133.000000
7512.000000
4910.000000
1028.000000
-3128.000000
-6471.000000
-8100.000000
-7609.000000
-5119.000000
-1281.000000
2891.000000
6303.000000
8061.000000
7700.000000
5316.000000
1536.000000
-2652.000000
-6138.000000
-8014.000000
-7786.000000
-5509.000000
-1785.000000
2404.000000
5966.000000
7959.000000
7862.000000
5697.000000
2035.000000
-2157.000000
-5786.000000
-7895.000000
-7930.000000
-5877.000000
-2281.000000
1910.000000
5604.000000
7824.000000
7989.000000
6052.000000
2524.000000
-1657.000000
-5415.000000
-7740.000000
-8041.000000
-6221.000000
-2772.000000
1408.000000
5220.000000
7655.000000
8083.000000
6387.000000
3013.000000
-1155.000000
-5012.000000
-7560.000000
-8121.000000
-6548.000000
-3250.000000
900.000000
4808.000000
7459.000000
8147.000000
6697.000000
3485.000000
-646.000000
-4598.000000
-7350.000000
-8170.000000
-6842.000000
-3715.000000
386.000000
4383.000000
7235.000000
8180.000000
6979.000000
3946.000000
-132.000000
-4166.000000
-7112.000000
-8185.000000
-7112.000000
-4166.000000
-132.000000
3940.000000
6979.000000
8180.000000
7235.000000
4383.000000
390.000000
-3715.000000
-6842.000000
-8170.000000
-7350.000000
-4600.000000
-646.000000
3483.000000
6697.000000
8147.000000
7459.000000
4808.000000
902.000000
-3250.000000
-6548.000000
-8121.000000
-7562.000000
-5012.000000
-1155.000000
3013.000000
6387.000000
8083.000000
7655.000000
5220.000000
1408.000000
-2772.000000
-6221.000000
-8041.000000
-7740.000000
-5415.000000
-1661.000000
2524.000000
6052.000000
7989.000000
7824.000000
5604.000000
1910.000000
-2281.000000
-5877.000000
-7930.000000
-7895.000000
-5788.000000
-2159.000000
2033.000000
5697.000000
7862.000000
7959.000000
5966.000000
2404.000000
-1785.000000
-5509.000000
-7786.000000
-8014.000000
-6138.000000
-2652.000000
1536.000000
5316.000000
7700.000000
8061.000000
6303.000000
2891.000000
-1281.000000
-5119.000000
-7609.000000
-8100.000000
-6471.000000
-3132.000000
1028.000000
4910.000000
7512.000000
8133.000000
6625.000000
3367.000000
-772.000000
-4705.000000
-7407.000000
-8156.000000
-6772.000000
-3601.000000
516.000000
4492.000000
7293.000000
8174.000000
6913.000000
3828.000000
-258.000000
-4275.000000
-7174.000000
-8181.000000
-7045.000000
-4052.000000
-2.000000
4052.000000
7045.000000
8181.000000
7174.000000
4275.000000
258.000000
-3828.000000
-6913.000000
-8174.000000
-7293.000000
-4492.000000
-516.000000
3599.000000
6770.000000
8156.000000
7407.000000
4705.000000
772.000000
-3367.000000
-6625.000000
-8133.000000
-7512.000000
-4910.000000
-1028.000000
3132.000000
6471.000000
8100.000000
7609.000000
5114.000000
1281.000000
-2891.000000
-6303.000000
-8061.000000
-7700.000000
-5316.000000
-1536.000000
2652.000000
6138.000000
8014.000000
7786.000000
5509.000000
1785.000000
-2404.000000
-5966.000000
-7959.000000
-7862.000000
-5697.000000
-2035.000000
2157.000000
5786.000000
7895.000000
7930.000000
5877.000000
2281.000000
-1910.000000
-5604.000000
-7824.000000
-7989.000000
-6052.000000
-2524.000000
1657.000000
5415.000000
7740.000000
8041.000000
6221.000000
2772.000000
-1408.000000
-5220.000000
-7655.000000
-8083.000000
-6392.000000
-3013.000000
1155.000000
5012.000000
7560.000000
8121.000000
6548.000000
3250.000000
-900.000000
-4808.000000
-7459.000000
-8147.000000
-6697.000000
-3485.000000
646.000000
4600.000000
7350.000000
8170.000000
6842.000000
3715.000000
-386.000000
-4383.000000
-7235.000000
-8180.000000
-6979.000000
-3946.000000
132.000000
4166.000000
7112.000000
8185.000000
7112.000000
4166.000000
132.000000
-3940.000000
-6979.000000
-8180.000000
-7235.000000
-4383.000000
-390.000000
3715.000000
6842.000000
8170.000000
7350.000000
4600.000000
646.000000
-3483.000000
-6697.000000
-8147.000000
-7459.000000
-4808.000000
-900.000000
3250.000000
6548.000000
8121.000000
7560.000000
5012.000000
1155.000000
-3013.000000
-6387.000000
-8083.000000
-7655.000000
-5220.000000
-1408.000000
2772.000000
6221.000000
8041.000000
7740.000000
5415.000000
1661.000000
-2524.000000
-6052.000000
-7989.000000
-7824.000000
-5604.000000
-1910.000000
2281.000000
5877.000000
7930.000000
7895.000000
5788.000000
2159.000000
-2033.000000
-5695.000000
-7862.000000
-7959.000000
-5966.000000
-2404.000000
1785.000000
5509.000000
7786.000000
8014.000000
6138.000000
2652.000000
-1532.000000
-5316.000000
-7700.000000
-8061.000000
-6303.000000
-2891.000000
1281.000000
5114.000000
7609.000000
8100.000000
6471.000000
3132.000000
-1028.000000
-4910.000000
-7512.000000
-8133.000000
-6625.000000
-3367.000000
772.000000
4705.000000
7407.000000
8156.000000
6772.000000
3601.000000
-516.000000
-4492.000000
-7293.000000
-8174.000000
-6913.000000
-3828.000000
258.000000
4275.000000
7170.000000
8181.000000
7045.000000
4052.000000
-2.000000
-4052.000000
-7045.000000
-8181.000000
-7174.000000
-4275.000000
-262.000000
3828.000000
6913.000000
8174.000000
7293.000000
4492.000000
516.000000
-3599.000000
-6770.000000
-8156.000000
-7407.000000
-4705.000000
-772.000000
3367.000000
6625.000000
8133.000000
7512.000000
4910.000000
1028.000000
-3128.000000
-6471.000000
-8100.000000
-7609.000000
-5119.000000
-1281.000000
2891.000000
6303.000000
8061.000000
7700.000000
5316.000000
1536.000000
-2652.000000
-6138.000000
-8014.000000
-7786.000000
-5509.000000
-1785.000000
2404.000000
5966.000000
7959.000000
7862.000000
5697.000000
2035.000000
-2157.000000
-5788.000000
-7895.000000
-7930.000000
-5877.000000
-2281.000000
1910.000000
5604.000000
7824.000000
7989.000000
6052.000000
2532.000000
-1657.000000
-5415.000000
-7740.000000
-8041.000000
-6221.000000
-2772.000000
1408.000000
5220.000000
7655.000000
8083.000000
6392.000000
3013.000000
-1155.000000
-5012.000000
-7560.000000
-8121.000000
-6548.000000
-3250.000000
900.000000
4808.000000
7459.000000
8147.000000
6697.000000
3485.000000
-646.000000
-4598.000000
-7350.000000
-8170.000000
-6842.000000
-3715.000000
386.000000
4383.000000
7235.000000
8180.000000
6979.000000
3940.000000
-132.000000
-4166.000000
-7112.000000
-8185.000000
-7112.000000
-4166.000000
-132.000000
3940.000000
6979.000000
8180.000000
7235.000000
4383.000000
390.000000
-3715.000000
-6842.000000
-8170.000000
-7350.000000
-4600.000000
-646.000000
3483.000000
6697.000000
8147.000000
7459.000000
4808.000000
902.000000
-3250.000000
-6548.000000
-8121.000000
-7560.000000
-5012.000000
-1155.000000
3013.000000
6392.000000
8083.000000
7655.000000
5220.000000
1408.000000
-2772.000000
-6221.000000
-8041.000000
-7740.000000
-5415.000000
-1661.000000
2524.000000
6052.000000
7989.000000
7824.000000
5604.000000
1910.000000
-2281.000000
-5877.000000
-7930.000000
-7895.000000
-5788.000000
-2159.000000
2033.000000
5697.000000
7862.000000
7959.000000
5966.000000
2404.000000
-1785.000000
-5509.000000
-7786.000000
-8014.000000
-6138.000000
-2652.000000
1536.000000
5316.000000
7700.000000
8061.000000
6303.000000
2891.000000
-1281.000000
-5119.000000
-7609.000000
-8100.000000
-6471.000000
-3132.000000
1028.000000
4910.000000
7512.000000
8133.000000
6625.000000
3367.000000
-772.000000
-4705.000000
-7407.000000
-8156.000000
-6770.000000
-3601.000000
516.000000
4492.000000
7293.000000
8174.000000
6913.000000
3828.000000
-258.000000
-4275.000000
-7174.000000
-8181.000000
-7045.000000
-4056.000000
2.000000
4052.000000
7045.000000
8181.000000
7174.000000
4275.000000
258.000000
-3828.000000
-6913.000000
-8174.000000
-7293.000000
-4492.000000
-516.000000
3599.000000
6770.000000
8156.000000
7407.000000
4705.000000
772.000000
-3367.000000
-6625.000000
-8133.000000
-7512.000000
-4910.000000
-1028.000000
3132.000000
6471.000000
8100.000000
7611.000000
5114.000000
1281.000000
-2891.000000
-6303.000000
-8061.000000
-7700.000000
-5316.000000
-1536.000000
2652.000000
6138.000000
8014.000000
7786.000000
5509.000000
1785.000000
-2404.000000
-5966.000000
-7959.000000
-7862.000000
-5697.000000
-2035.000000
2157.000000
5786.000000
7895.000000
7930.000000
5877.000000
2281.000000
-1910.000000
-5604.000000
-7824.000000
-7989.000000
-6052.000000
-2532.000000
1661.000000
5415.000000
7740.000000
8041.000000
6221.000000
2772.000000
-1408.000000
-5220.000000
-7655.000000
-8083.000000
-6387.000000
-3013.000000
1155.000000
5012.000000
7560.000000
8121.000000
6548.000000
3250.000000
-900.000000
-4808.000000
-7459.000000
-8147.000000
-6697.000000
-3485.000000
646.000000
4600.000000
7350.000000
8170.000000
6842.000000
3715.000000
-386.000000
-4383.000000
-7235.000000
-8180.000000
-6979.000000
-3940.000000
132.000000
4166.000000
7112.000000
8185.000000
7112.000000
4166.000000
132.000000
-3940.000000
-6979.000000
-8180.000000
-7235.000000
-4383.000000
-390.000000
3715.000000
6842.000000
8170.000000
7350.000000
4600.000000
646.000000
-3483.000000
-6697.000000
-8147.000000
-7459.000000
-4808.000000
-902.000000
3250.000000
6548.000000
8121.000000
7560.000000
5012.000000
1155.000000
-3013.000000
-6387.000000
-8083.000000
-7655.000000
-5220.000000
-1408.000000
2772.000000
6221.000000
8041.000000
7740.000000
5415.000000
1661.000000
-2524.000000
-6052.000000
-7989.000000
-7824.000000
-5604.000000
-1910.000000
2281.000000
5877.000000
7930.000000
7895.000000
5788.000000
2159.000000
-2033.000000
-5697.000000
-7862.000000
-7959.000000
-5966.000000
-2404.000000
1785.000000
5509.000000
7786.000000
8014.000000
6138.000000
2652.000000
-1536.000000
-5316.000000
-7700.000000
-8061.000000
-6303.000000
-2891.000000
1281.000000
5114.000000
7609.000000
8100.000000
6471.000000
3132.000000
-1028.000000
-4910.000000
-7512.000000
-8133.000000
-6625.000000
-3367.000000
772.000000
4705.000000
7407.000000
8156.000000
6770.000000
3601.000000
-516.000000
-4492.000000
-7293.000000
-8174.000000
-6913.000000
-3828.000000
258.000000
4275.000000
7170.000000
8181.000000
7045.000000
4056.000000
-2.000000
-4052.000000
-7045.000000
-8181.000000
-7174.000000
-4275.000000
-262.000000
3828.000000
6913.000000
8174.000000
7293.000000
4492.000000
516.000000
-3599.000000
-6770.000000
-8156.000000
-7407.000000
-4705.000000
-772.000000
3367.000000
6625.000000
8133.000000
7512.000000
4910.000000
1028.000000
-3128.000000
-6471.000000
-8100.000000
-7611.000000
-5114.000000
-1281.000000
2891.000000
6303.000000
8061.000000
7700.000000
5316.000000
1536.000000
-2652.000000
-6138.000000
-8014.000000
-7786.000000
-5509.000000
-1785.000000
2404.000000
5966.000000
7959.000000
7862.000000
5697.000000
2035.000000
-2157.000000
-5786.000000
-7895.000000
-7930.000000
-5877.000000
-2281.000000
1910.000000
5604.000000
7824.000000
7989.000000
6052.000000
2524.000000
-1657.000000
-5415.000000
-7740.000000
-8041.000000
-6221.000000
-2772.000000
1408.000000
5220.000000
7655.000000
8083.000000
6392.000000
3013.000000
-1155.000000
-5012.000000
-7560.000000
-8121.000000
-6548.000000
-3250.000000
900.000000
4808.000000
7459.000000
8147.000000
6697.000000
3485.000000
-646.000000
-4600.000000
-7350.000000
-8170.000000
-6842.000000
-3715.000000
386.000000
4383.000000
7235.000000
8180.000000
6979.000000
3940.000000
-132.000000
-4166.000000
-7112.000000
-8185.000000
-7112.000000
-4166.000000
-132.000000
3940.000000
6979.000000
8180.000000
7235.000000
4383.000000
390.000000
-3715.000000
-6842.000000
-8170.000000
-7350.000000
-4600.000000
-646.000000
3483.000000
6697.000000
8147.000000
7459.000000
4808.000000
900.000000
-3250.000000
-6548.000000
-8121.000000
-7562.000000
-5012.000000
-1155.000000
3013.000000
6387.000000
8083.000000
7655.000000
5220.000000
1408.000000
-2772.000000
-6221.000000
-8041.000000
-7740.000000
-5415.000000
-1661.000000
2524.000000
6052.000000
7989.000000
7824.000000
5604.000000
1910.000000
-2281.000000
-5877.000000
-7930.000000
-7895.000000
-5788.000000
-2157.000000
2033.000000
5697.000000
7862.000000
7959.000000
5966.000000
2404.000000
-1785.000000
-5509.000000
-7786.000000
-8014.000000
-6138.000000
-2652.000000
1532.000000
5316.000000
7700.000000
8061.000000
6303.000000
2891.000000
-1281.000000
-5119.000000
-7609.000000
-8100.000000
-6471.000000
-3132.000000
1028.000000
4910.000000
7512.000000
8133.000000
6625.000000
3367.000000
-772.000000
-4705.000000
-7407.000000
-8156.000000
-6772.000000
-3601.000000
516.000000
4492.000000
7293.000000
8174.000000
6913.000000
3828.000000
-258.000000
-4275.000000
-7170.000000
-8181.000000
-7045.000000
-4056.000000
2.000000
4052.000000
7045.000000
8181.000000
7174.000000
4275.000000
258.000000
-3828.000000
-6913.000000
-8174.000000
-7293.000000
-4492.000000
-516.000000
3599.000000
6770.000000
8156.000000
7407.000000
4705.000000
772.000000
-3367.000000
-6625.000000
-8133.000000
-7512.000000
-4910.000000
-1028.000000
3128.000000
6471.000000
8100.000000
7609.000000
5114.000000
1281.000000
-2891.000000
-6303.000000
-8061.000000
-7700.000000
-5316.000000
-1536.000000
2652.000000
6138.000000
8014.000000
7786.000000
5509.000000
1785.000000
-2404.000000
-5966.000000
-7959.000000
-7862.000000
-5697.000000
-2035.000000
2157.000000
5788.000000
7895.000000
7930.000000
5877.000000
2281.000000
-1910.000000
-5604.000000
-7824.000000
-7989.000000
-6052.000000
-2524.000000
1657.000000
5415.000000
7740.000000
8041.000000
6221.000000
2772.000000
-1408.000000
-5220.000000
-7655.000000
-8083.000000
-6387.000000
-3013.000000
1155.000000
5012.000000
7560.000000
8121.000000
6548.000000
3250.000000
-900.000000
-4808.000000
-7459.000000
-8147.000000
-6697.000000
-3485.000000
646.000000
4600.000000
7350.000000
8170.000000
6842.000000
3715.000000
-386.000000
-4383.000000
-7235.000000
-8180.000000
-6979.000000
-3940.000000
132.000000
4166.000000
7112.000000
8185.000000
7112.000000
4166.000000
132.000000
-3940.000000
-6979.000000
-8180.000000
-7235.000000
-4383.000000
-390.000000
3715.000000
6842.000000
8170.000000
7350.000000
4600.000000
646.000000
-3483.000000
-6697.000000
-8147.000000
-7459.000000
-4808.000000
-900.000000
3250.000000
6548.000000
8121.000000
7560.000000
5012.000000
1155.000000
-3013.000000
-6387.000000
-8083.000000
-7655.000000
-5220.000000
-1408.000000
2772.000000
6221.000000
8041.000000
7740.000000
5415.000000
1661.000000
-2524.000000
-6052.000000
-7989.000000
-7824.000000
-5604.000000
-1910.000000
2281.000000
5877.000000
7930.000000
7895.000000
5788.000000
2159.000000
-2033.000000
-5697.000000
-7862.000000
-7959.000000
-5966.000000
-2404.000000
1785.000000
5509.000000
7786.000000
8014.000000
6138.000000
2652.000000
-1536.000000
-5316.000000
-7700.000000
-8061.000000
-6303.000000
-2891.000000
1281.000000
5114.000000
7609.000000
8100.000000
6471.000000
3132.000000
-1028.000000
-4910.000000
-7512.000000
-8133.000000
-6625.000000
-3367.000000
772.000000
4705.000000
7407.000000
8156.000000
6772.000000
3601.000000
-516.000000
-4492.000000
-7293.000000
-8174.000000
-6913.000000
-3828.000000
258.000000
4275.000000
7170.000000
8181.000000
7045.000000
4056.000000
-2.000000
-4052.000000
-7045.000000
-8181.000000
-7174.000000
-4275.000000
-258.000000
3828.000000
6913.000000
8174.000000
7293.000000
4492.000000
516.000000
-3599.000000
-6770.000000
-8156.000000
-7407.000000
-4705.000000
-772.000000
3367.000000
6625.000000
8133.000000
7512.000000
4910.000000
1028.000000
-3128.000000
-6471.000000
-8100.000000
-7609.000000
-5119.000000
-1281.000000
2891.000000
6303.000000
8061.000000
7700.000000
5316.000000
1536.000000
-2652.000000
-6138.000000
-8014.000000
-7786.000000
-5509.000000
-1785.000000
2404.000000
5966.000000
7959.000000
7862.000000
5697.000000
2035.000000
-2157.000000
-5786.000000
-7895.000000
-7930.000000
-5879.000000
-2281.000000
1910.000000
5604.000000
7824.000000
7989.000000
6052.000000
2524.000000
-1657.000000
-5415.000000
-7740.000000
-8041.000000
-6221.000000
-2772.000000
1408.000000
5220.000000
7655.000000
8083.000000
6392.000000
3013.000000
-1155.000000
-5012.000000
-7560.000000
-8121.000000
-6548.000000
-3250.000000
900.000000
4808.000000
7459.000000
8147.000000
6697.000000
3485.000000
-646.000000
-4598.000000
-7350.000000
-8170.000000
-6842.000000
-3715.000000
386.000000
4383.000000
7235.000000
8180.000000
6979.000000
3940.000000
-132.000000
-4166.000000
-7112.000000
-8185.000000
-7112.000000
-4166.000000
-132.000000
3940.000000
6979.000000
8180.000000
7235.000000
4383.000000
390.000000
-3715.000000
-6842.000000
-8170.000000
-7350.000000
-4600.000000
-646.000000
3483.000000
6697.000000
8147.000000
7459.000000
4808.000000
900.000000
-3250.000000
-6548.000000
-8121.000000
-7562.000000
-5012.000000
-1155.000000
3013.000000
6392.000000
8083.000000
7655.000000
5220.000000
1408.000000
-2772.000000
-6221.000000
-8041.000000
-7740.000000
-5415.000000
-1661.000000
2524.000000
6052.000000
7989.000000
7824.000000
5604.000000
1910.000000
-2281.000000
-5877.000000
-7930.000000
-7895.000000
-5786.000000
-2159.000000
2033.000000
5697.000000
7862.000000
7959.000000
5966.000000
2404.000000
-1785.000000
-5509.000000
-7786.000000
-8014.000000
-6138.000000
-2652.000000
1536.000000
5316.000000
7700.000000
8061.000000
6303.000000
2891.000000
-1281.000000
-5119.000000
-7609.000000
-8100.000000
-6471.000000
-3132.000000
1028.000000
4910.000000
7512.000000
8133.000000
6625.000000
3367.000000
-772.000000
-4705.000000
-7407.000000
-8156.000000
-6772.000000
-3601.000000
516.000000
4492.000000
7293.000000
8174.000000
6913.000000
3828.000000
-258.000000
-4275.000000
-7174.000000
-8181.000000
-7045.000000
-4052.000000
-2.000000
4052.000000
7045.000000
8181.000000
7174.000000
4275.000000
258.000000
-3828.000000
-6913.000000
-8174.000000
-7293.000000
-4492.000000
-516.000000
3599.000000
6770.000000
8156.000000
7407.000000
4705.000000
772.000000
-3367.000000
-6625.000000
-8133.000000
-7512.000000
-4910.000000
-1028.000000
3132.000000
6471.000000
8100.000000
7611.000000
5114.000000
1281.000000
-2891.000000
-6303.000000
-8061.000000
-7700.000000
-5316.000000
-1536.000000
2652.000000
6138.000000
8014.000000
7786.000000
5509.000000
1785.000000
-2404.000000
-5966.000000
-7959.000000
-7862.000000
-5697.000000
-2035.000000
2157.000000
5786.000000
7895.000000
7930.000000
5879.000000
2281.000000
-1910.000000
-5604.000000
-7824.000000
-7989.000000
-6052.000000
-2524.000000
1661.000000
5415.000000
7740.000000
8041.000000
6221.000000
2772.000000
-1408.000000
-5220.000000
-7655.000000
-8083.000000
-6387.000000
-3013.000000
1155.000000
5012.000000
7560.000000
8121.000000
6548.000000
3250.000000
-900.000000
-4808.000000
-7459.000000
-8147.000000
-6697.000000
-3485.000000
646.000000
4598.000000
7350.000000
8170.000000
6842.000000
3715.000000
-386.000000
-4383.000000
-7235.000000
-8180.000000
-6979.000000
-3940.000000
132.000000
4166.000000
7112.000000
8185.000000
7112.000000
4166.000000
132.000000
-3940.000000
-6979.000000
-8180.000000
-7235.000000
-4383.000000
-390.000000
3715.000000
6842.000000
8170.000000
7350.000000
4600.000000
646.000000
-3483.000000
-6697.000000
-8147.000000
-7459.000000
-4808.000000
-900.000000
3250.000000
6548.000000
8121.000000
7562.000000
5012.000000
1155.000000
-3013.000000
-6387.000000
-8083.000000
-7655.000000
-5220.000000
-1408.000000
2772.000000
6221.000000
8041.000000
7740.000000
5415.000000
1661.000000
-2524.000000
-6052.000000
-7989.000000
-7824.000000
-5604.000000
-1910.000000
2281.000000
5877.000000
7930.000000
7895.000000
5788.000000
2159.000000
-2033.000000
-5695.000000
-7862.000000
-7959.000000
-5966.000000
-2404.000000
1785.000000
5509.000000
7786.000000
8014.000000
6138.000000
2652.000000
-1532.000000
-5316.000000
-7700.000000
-8061.000000
-6303.000000
-2891.000000
1281.000000
5119.000000
7609.000000
